SAMPLE_ID 	F-101-009	F-101-010	F-101-012	F-101-029	F-101-145	F-101-212	M-101-009	M-101-010	M-101-012	M-101-029	M-101-145	M-101-212	NB-101-009	NB-101-010	NB-101-012	NBA-101-029	NBA-101-145	NBA-101-212	NBB-101-029	NBB-101-145	NBB-101-212
F_ID 	NA	NA	NA	NA	NA	NA	NA	NA	NA	NA	NA	NA	F-101-009	F-101-010	F-101-012	F-101-029	F-101-145	F-101-212	F-101-029	F-101-145	F-101-212
M_ID 	NA	NA	NA	NA	NA	NA	NA	NA	NA	NA	NA	NA	M-101-009	M-101-010	M-101-012	M-101-029	M-101-145	M-101-212	M-101-029	M-101-145	M-101-212
chr1:57952 	2	2	2	2	NA	2	2	2	2	2	2	2	2	2	2	2	2	2	2	2	NA
chr1:69511 	2	NA	2	2	2	2	2	2	2	2	2	2	2	NA	2	2	2	2	2	2	2
chr1:564710 	0	0	0	0	0	0	0	0	0	0	0	0	0	0	0	0	0	0	0	0	0
chr1:564934 	0	0	0	0	0	0	0	0	0	0	0	0	0	0	0	0	0	0	0	0	0
chr1:569983 	2	2	2	2	2	2	2	2	2	1	2	2	2	2	2	2	2	2	2	2	2
chr1:705882 	0	0	0	0	0	0	0	0	0	0	NA	0	0	0	0	0	0	0	0	0	NA
chr1:713092 	0	0	0	0	0	0	0	0	0	0	0	0	0	0	0	0	0	0	0	0	0
chr1:713977 	0	0	0	0	0	0	0	0	0	0	0	0	0	0	0	0	0	0	0	0	0
chr1:714019 	0	NA	0	0	1	0	NA	0	1	NA	1	0	0	0	1	0	NA	0	0	NA	0
chr1:714596 	0	1	0	0	NA	0	0	0	NA	NA	NA	0	0	0	NA	0	NA	0	0	NA	0
chr1:715265 	0	1	0	0	NA	0	0	0	NA	1	NA	0	0	0	NA	0	NA	0	0	NA	0
chr1:722980 	0	0	0	0	0	0	0	0	0	0	0	0	0	0	0	0	0	0	0	0	0
chr1:729632 	0	1	0	0	1	0	0	0	1	1	NA	0	0	0	NA	0	1	0	0	NA	0
chr1:740416 	0	0	0	0	0	0	0	0	0	0	0	0	0	0	0	0	0	0	0	0	0
chr1:743356 	0	0	0	NA	NA	0	0	0	0	0	NA	0	0	0	NA	0	0	0	0	0	NA
chr1:752307 	0	1	0	0	1	0	0	0	1	1	NA	0	0	0	NA	0	NA	0	0	1	0
chr1:752478 	0	1	0	0	1	0	0	0	1	1	1	0	0	0	1	0	1	0	0	1	0
chr1:752593 	0	1	0	0	NA	0	0	0	NA	1	1	0	0	0	NA	0	NA	0	0	NA	0
chr1:752721 	2	1	2	2	1	1	2	0	0	1	1	2	2	0	1	1	1	1	1	1	1
chr1:752796 	0	1	0	0	NA	0	0	0	1	1	NA	0	0	0	1	0	NA	0	0	NA	0
chr1:754105 	0	1	0	0	NA	0	0	0	1	NA	NA	0	0	0	NA	0	NA	0	0	1	0
chr1:754503 	2	1	2	2	NA	1	2	0	0	1	NA	2	2	0	NA	1	NA	1	1	NA	1
chr1:754671 	0	NA	0	0	1	0	0	0	1	1	1	0	0	0	1	0	NA	0	0	1	0
chr1:754861 	0	NA	0	0	NA	0	0	0	NA	1	1	0	0	0	NA	0	1	0	0	NA	0
chr1:755274 	0	0	0	0	NA	0	0	0	0	0	NA	0	0	0	0	0	0	0	0	0	0
chr1:756781 	0	0	0	0	0	0	0	0	0	0	NA	0	NA	0	0	0	0	0	0	NA	0
chr1:756912 	0	0	0	1	0	0	0	0	0	0	1	NA	0	0	0	0	0	0	0	1	0
chr1:757103 	0	NA	0	NA	0	0	0	0	0	0	0	0	0	0	0	0	0	0	NA	0	0
chr1:757120 	0	0	0	0	0	0	0	0	0	0	0	0	0	0	0	0	0	0	0	0	0
chr1:757691 	0	0	0	0	0	0	0	0	0	0	0	0	0	NA	NA	0	NA	0	0	0	0
chr1:759036 	0	NA	0	0	1	0	0	0	NA	NA	1	0	0	0	1	0	1	0	0	1	0
chr1:759177 	0	NA	0	0	1	0	0	0	0	NA	NA	0	0	0	0	0	NA	0	0	0	0
chr1:760422 	0	0	0	0	0	0	0	0	0	0	0	0	0	0	0	0	0	0	0	0	0
chr1:761606 	0	NA	0	0	NA	0	0	0	1	1	NA	0	0	0	NA	0	1	0	0	NA	0
chr1:761610 	0	NA	0	0	NA	0	0	0	1	1	NA	0	0	0	1	0	1	0	0	NA	0
chr1:762856 	0	NA	0	0	NA	0	0	0	0	NA	NA	0	0	0	NA	0	NA	0	0	NA	0
chr1:765028 	0	0	0	0	0	0	0	0	0	0	0	0	0	0	0	0	0	0	0	0	0
chr1:767096 	0	0	0	0	0	0	0	0	0	0	0	0	0	0	0	0	0	0	0	0	0
chr1:767780 	2	2	2	2	2	2	2	2	2	2	2	2	2	2	2	2	2	2	2	2	2
chr1:768448 	0	0	1	1	0	1	1	0	0	0	1	0	1	0	NA	0	0	0	0	1	0
chr1:768819 	0	0	0	0	0	0	1	0	0	0	0	0	1	0	0	0	0	0	0	0	0
chr1:769223 	0	1	0	0	0	1	0	2	NA	1	1	0	0	2	1	1	1	1	1	0	1
chr1:770735 	0	0	0	0	0	0	0	0	0	0	0	0	0	0	0	0	0	0	0	0	0
chr1:772028 	0	0	0	0	0	0	0	0	0	0	0	0	0	0	0	0	0	0	0	0	0
chr1:773106 	0	0	0	0	0	0	0	0	0	0	0	0	0	0	0	0	0	0	0	0	0
chr1:774014 	0	0	0	0	0	0	0	0	0	0	0	0	0	0	0	0	0	0	0	0	0
chr1:774018 	0	0	0	0	0	0	0	0	0	0	0	0	0	0	0	0	0	0	0	0	0
chr1:774022 	0	0	0	0	0	0	0	0	0	0	0	0	0	0	0	0	0	0	0	0	0
chr1:776546 	0	0	0	0	1	0	0	0	0	1	0	1	0	0	0	0	1	1	0	1	1
chr1:779310 	0	0	0	0	0	0	0	0	0	0	0	0	0	0	0	0	0	0	0	0	0
chr1:779322 	0	1	0	0	0	1	0	2	2	1	1	0	0	2	1	1	1	1	1	0	1
chr1:780027 	2	2	2	2	2	2	2	2	2	2	2	2	2	2	2	2	2	2	2	2	2
chr1:780229 	0	0	0	0	0	0	0	0	0	0	0	0	0	0	0	0	0	0	0	0	0
chr1:780785 	2	1	2	2	2	1	2	0	0	1	1	2	2	0	1	1	NA	1	NA	2	1
chr1:781057 	0	0	0	0	0	0	0	0	0	0	0	0	0	0	0	0	0	0	0	0	0
chr1:782470 	0	0	0	0	0	0	0	0	0	0	0	0	0	0	0	0	0	0	0	0	0
chr1:782528 	0	0	0	0	0	0	0	0	0	0	0	0	0	0	0	0	0	0	0	0	NA
chr1:782677 	0	0	0	0	0	0	0	0	0	0	0	0	0	0	0	0	0	0	0	0	0
chr1:782981 	0	1	0	0	0	1	0	2	2	1	1	0	0	2	1	1	1	1	1	0	1
chr1:783071 	0	0	0	0	0	0	0	0	0	0	0	0	0	0	0	0	0	0	0	0	0
chr1:783304 	2	2	2	2	2	2	2	NA	NA	2	2	2	2	2	2	2	2	2	2	2	2
chr1:785050 	2	1	2	NA	2	1	NA	0	0	1	1	2	2	0	1	1	1	1	1	2	1
chr1:785989 	2	1	2	2	2	1	2	0	0	1	1	2	2	0	1	NA	1	1	1	2	1
chr1:787844 	2	1	2	2	2	1	2	0	0	1	1	2	2	0	1	NA	1	1	1	2	1
chr1:790465 	0	1	0	0	0	1	0	2	1	1	1	0	0	2	1	1	1	1	1	0	1
chr1:790698 	2	2	2	2	2	2	2	2	2	NA	2	2	2	2	2	2	2	2	NA	2	2
chr1:791315 	0	0	0	0	0	0	0	0	0	0	0	0	0	0	0	0	0	0	0	0	0
chr1:791328 	0	0	0	0	0	0	0	0	0	0	0	0	0	0	0	0	0	0	0	0	0
chr1:792480 	2	2	2	2	2	2	2	2	2	2	2	2	2	2	2	2	2	2	2	2	2
chr1:795222 	0	0	NA	1	0	1	0	0	0	0	1	0	0	0	0	0	0	0	0	NA	0
chr1:795414 	0	0	0	0	0	0	0	0	0	0	0	0	0	0	0	0	0	0	0	0	0
chr1:796100 	NA	0	1	1	0	1	0	0	0	0	1	0	0	0	0	0	0	0	0	NA	0
chr1:797281 	NA	0	1	1	0	1	0	0	0	0	NA	0	0	0	0	0	0	0	0	NA	0
chr1:797440 	0	1	0	0	0	1	0	NA	1	0	1	0	0	2	1	0	1	1	0	0	1
chr1:798400 	0	1	1	1	0	2	0	2	1	0	2	0	0	2	1	0	1	1	0	1	1
chr1:798430 	NA	0	0	0	0	0	0	0	0	0	0	0	NA	0	0	0	0	0	0	0	0
chr1:800007 	2	2	2	2	2	2	2	2	2	2	2	2	2	2	2	2	2	2	2	2	2
chr1:801661 	0	0	NA	1	0	NA	0	0	0	0	NA	0	0	0	0	0	0	0	0	NA	0
chr1:801680 	0	0	NA	1	0	NA	0	0	0	0	NA	0	0	0	0	0	0	0	0	NA	0
chr1:801858 	0	0	1	1	0	1	0	0	0	0	1	0	0	0	0	0	0	0	0	1	0
chr1:804073 	0	0	NA	NA	0	0	0	0	0	0	1	0	0	0	0	0	0	0	0	NA	0
chr1:804759 	0	1	0	0	0	NA	0	2	1	0	1	0	0	2	NA	0	1	1	0	0	1
chr1:808631 	2	1	1	1	2	0	1	0	NA	1	0	2	1	0	1	1	1	1	1	1	1
chr1:809876 	0	0	1	1	0	1	1	0	0	1	1	0	1	0	0	1	0	0	1	1	0
chr1:810286 	0	1	0	0	0	1	0	2	1	0	1	0	0	2	1	0	1	1	0	0	1
chr1:810780 	0	1	0	0	0	1	0	2	1	0	1	0	0	2	1	0	1	1	0	0	1
chr1:833223 	1	1	0	0	1	0	0	1	1	0	0	0	0	0	0	0	0	0	0	0	0
chr1:833641 	1	1	0	0	1	0	0	1	1	0	0	0	0	0	0	0	0	0	0	0	0
chr1:833824 	1	1	0	0	1	0	0	1	1	0	0	0	0	0	0	0	0	0	0	0	0
chr1:833927 	1	1	0	0	1	0	0	1	1	0	0	0	0	0	0	0	0	0	0	0	0
chr1:834056 	0	0	0	0	0	0	0	0	0	0	0	0	0	0	0	0	0	0	0	0	0
chr1:834198 	1	1	0	0	1	0	0	1	1	0	0	0	0	0	0	0	0	0	0	0	0
chr1:834263 	0	0	0	0	0	0	0	0	0	0	0	0	0	0	0	0	0	0	0	0	0
chr1:834574 	0	NA	0	0	0	0	0	1	0	0	2	0	0	1	0	0	1	0	0	1	0
chr1:834637 	0	0	0	0	0	0	0	0	0	0	0	0	0	0	0	0	0	0	0	0	0
chr1:834753 	0	1	0	0	0	0	0	0	0	0	0	0	0	0	0	0	0	0	0	0	0
chr1:834928 	1	1	0	0	1	0	0	1	1	0	0	0	0	0	0	0	0	0	0	0	0
chr1:834956 	0	0	0	0	0	0	0	0	0	0	0	0	0	0	0	0	0	0	0	0	0
chr1:834999 	1	1	0	0	1	0	0	1	1	0	0	0	0	0	0	0	0	0	0	0	0
chr1:835092 	0	0	0	0	NA	0	0	1	NA	0	2	0	0	1	0	0	1	0	0	1	0
chr1:835242 	0	0	0	0	0	0	0	0	0	0	0	0	0	0	0	0	0	0	0	0	0
chr1:835499 	1	1	0	0	1	0	1	1	1	0	0	0	0	0	0	0	0	0	0	0	0
chr1:836529 	1	1	0	0	1	0	0	1	1	0	0	0	0	0	0	0	0	0	0	0	0
chr1:836684 	0	0	0	0	0	0	0	0	0	0	0	0	0	0	0	0	0	0	0	0	0
chr1:836896 	1	1	0	0	1	1	1	1	2	1	0	0	1	0	1	1	0	1	1	0	1
chr1:836924 	1	1	0	0	1	0	0	1	1	0	0	0	0	0	0	0	0	0	0	0	0
chr1:837192 	0	0	0	0	0	1	1	0	1	1	0	0	1	0	1	1	0	1	1	0	1
chr1:837214 	0	0	0	0	0	0	0	0	0	1	0	0	0	0	0	0	0	0	0	0	0
chrX:50025363 	0	0	0	0	0	0	1	0	0	0	0	0	1	0	0	0	0	0	0	0	0
chrX:50026294 	0	0	0	0	0	0	0	0	0	0	0	0	0	0	0	0	0	0	0	0	0
chrX:50029593 	0	0	0	0	0	0	0	0	0	0	0	0	0	0	0	0	0	0	0	0	0
chrX:50031231 	1	0	0	0	0	0	0	0	0	0	0	0	1	0	0	0	0	0	0	0	0
chrX:50034931 	0	0	0	0	0	0	0	0	0	0	0	0	0	0	0	0	0	0	0	0	0
chrX:50035804 	0	0	0	0	0	0	0	0	0	0	0	0	0	0	0	0	0	0	0	0	0
chrX:50045177 	0	0	0	0	0	0	0	0	0	0	0	0	0	0	0	0	0	0	0	0	0
chrX:50045685 	0	0	0	0	0	0	0	0	0	0	0	0	0	0	0	0	0	0	0	0	0
chrX:50047090 	0	0	0	0	0	0	0	0	0	0	0	0	0	0	0	0	0	0	0	0	0
chrX:50047336 	0	0	0	0	0	0	0	0	0	0	0	0	0	0	0	0	0	0	0	0	0
chrX:50048393 	0	0	0	0	0	0	0	0	0	0	0	0	0	0	0	0	0	0	0	0	0
chrX:50048674 	0	0	0	0	0	0	0	0	0	0	0	0	0	0	0	0	0	0	0	0	0
chrX:50049490 	0	0	0	0	0	0	0	0	0	0	0	0	0	0	0	0	0	0	0	0	0
chrX:50050577 	0	0	0	0	0	0	0	0	0	0	0	0	0	0	0	0	0	0	0	0	0
chrX:50055780 	0	0	0	0	0	0	0	0	0	0	0	0	0	0	0	0	0	0	0	0	0
chrX:50056322 	0	0	0	0	0	0	0	0	0	0	0	0	0	0	0	0	0	0	0	0	0
chrX:50056683 	1	0	0	0	0	0	0	0	0	0	0	0	1	0	0	0	0	0	0	0	0
chrX:50056814 	0	0	1	1	0	0	0	2	1	1	1	0	0	1	0	1	0	0	2	1	0
chrX:50057106 	0	0	0	0	0	0	0	0	0	0	0	0	0	0	0	0	0	0	0	0	0
chrX:50057488 	0	0	0	0	0	0	0	0	0	0	0	0	0	0	0	0	0	0	0	0	0
chrX:50058276 	0	0	1	1	0	0	0	2	1	1	1	0	0	1	0	1	0	0	2	1	0
chrX:50058476 	1	0	1	1	0	0	2	2	2	1	2	0	2	1	1	1	1	0	2	1	0
chrX:50059123 	0	0	0	0	0	0	0	0	0	0	0	0	0	0	0	0	0	0	0	0	0
chrX:50059408 	0	1	0	0	1	1	0	0	0	1	0	2	0	0	0	0	1	2	0	1	1
chrX:50059839 	0	0	1	1	0	0	0	2	1	1	1	0	0	1	0	1	0	0	2	1	0
chrX:50060124 	0	0	0	0	0	0	0	0	0	0	0	0	0	0	0	0	0	0	0	0	0
chrX:50060486 	0	0	0	0	0	0	0	0	0	0	0	0	0	0	0	0	0	0	0	0	0
chrX:50063000 	0	0	0	0	0	0	2	0	1	0	1	0	1	0	1	0	1	0	0	0	0
chrX:50063121 	0	0	0	0	0	0	0	0	0	1	0	0	0	0	0	0	0	0	0	0	0
chrX:50064862 	0	0	0	0	0	0	0	0	0	0	0	0	0	0	0	0	0	0	0	0	0
chrX:50067205 	0	0	0	0	0	0	0	0	0	0	0	0	0	0	0	0	0	0	0	0	0
chrX:50067297 	0	0	0	0	0	0	0	0	0	0	0	0	0	0	0	0	0	0	0	0	0
chrX:50068419 	0	0	0	0	0	0	0	0	0	0	0	0	0	0	0	0	0	0	0	0	0
chrX:50068499 	0	0	0	0	0	0	0	0	0	0	0	0	0	0	0	0	0	0	0	0	0
chrX:50069219 	0	0	0	0	0	0	0	0	0	0	0	0	0	0	0	0	0	0	0	0	0
chrX:50070116 	0	0	0	0	0	0	0	0	1	0	1	0	0	0	1	0	1	0	0	0	0
chrX:50070762 	0	0	0	0	0	0	0	0	0	0	0	0	0	0	0	0	0	0	0	0	0
chrX:50072582 	0	0	0	0	0	0	0	0	0	0	0	0	0	0	0	0	0	0	0	0	0
chrX:50072940 	0	0	1	1	0	0	2	2	2	1	2	0	1	1	1	1	1	0	2	1	0
chrX:50073198 	0	0	0	0	0	0	0	0	0	0	0	0	0	0	0	0	0	0	0	0	0
chrX:50073358 	0	0	0	0	0	0	0	0	0	0	0	0	0	0	0	0	0	0	0	0	0
chrX:50073885 	0	0	0	0	0	0	0	0	0	0	0	0	0	0	0	0	0	0	0	0	0
chrX:50073998 	0	0	0	0	0	0	0	0	0	0	0	0	0	0	0	0	0	0	0	0	0
chrX:50074005 	0	0	0	0	0	0	0	0	0	0	0	0	0	0	0	0	0	0	0	0	0
chrX:50074051 	0	0	0	0	0	0	0	0	0	0	0	0	0	0	0	0	0	0	0	0	0
chrX:50075351 	0	0	1	0	0	0	0	0	1	0	1	0	0	0	0	0	0	0	0	NA	0
chrX:50075438 	0	0	0	0	0	0	0	0	0	0	0	0	0	0	0	0	0	0	0	NA	0
chrX:50076209 	0	0	0	0	0	0	0	0	0	0	0	0	0	0	0	0	0	0	0	0	0
chrX:50077858 	0	0	0	0	0	0	0	0	0	0	0	0	0	0	0	0	0	0	0	0	0
chrX:50079915 	0	0	0	0	0	0	0	0	0	0	0	0	0	0	0	0	0	0	0	0	0
chrX:50079965 	0	0	0	0	0	0	2	0	1	0	1	0	NA	0	1	0	1	0	0	0	0
chrX:50079990 	0	0	0	0	0	0	0	0	0	0	0	0	0	0	0	0	0	0	0	0	0
chrX:50081865 	0	0	0	0	0	0	0	0	0	0	0	0	0	0	0	0	0	0	0	0	0
chrX:50081869 	0	0	0	0	0	0	0	0	0	0	0	0	0	0	0	0	0	0	0	0	0
chrX:50083485 	0	0	0	0	0	0	0	0	0	0	0	0	0	0	0	0	0	0	0	0	0
chrX:50083552 	0	0	0	0	0	0	0	0	0	0	0	0	0	0	0	0	0	0	0	0	0
chrX:50083966 	0	0	0	0	0	0	0	0	0	0	0	0	0	0	0	0	0	0	0	0	0
chrX:50084508 	0	0	0	0	0	0	0	0	0	0	0	0	0	0	0	0	0	0	0	0	0
chrX:50087277 	1	0	0	0	0	0	0	0	0	0	0	0	1	0	0	0	0	0	0	0	0
chrX:50087425 	0	0	0	0	0	0	0	0	0	0	0	0	0	0	0	0	0	0	0	0	0
chrX:50087718 	0	0	0	0	0	0	0	0	0	0	0	0	0	0	0	0	0	0	0	0	0
chrX:50087935 	0	0	0	0	0	0	0	0	0	0	0	0	0	0	0	0	0	0	0	0	0
chrX:50089139 	0	0	0	0	0	0	0	0	0	0	0	0	0	0	0	0	0	0	0	0	0
chrX:50090147 	0	0	0	0	0	0	0	0	0	0	0	1	0	0	0	0	0	0	0	0	0
chrX:50090491 	0	0	0	0	0	0	0	0	0	0	0	0	0	0	0	0	0	0	0	0	0
chrX:50091920 	0	0	1	1	0	0	0	2	1	1	1	0	0	1	0	1	0	0	2	1	0
chrX:50091939 	0	0	0	1	0	0	0	0	0	1	0	0	0	0	0	1	0	0	2	0	0
chrX:50093517 	0	0	0	0	0	1	0	0	0	1	0	1	0	0	0	0	0	2	0	0	1
chrX:50097654 	0	0	0	0	0	0	0	0	0	0	0	0	0	0	0	0	0	0	0	0	0
chrX:50097669 	0	0	0	0	0	0	0	0	0	0	0	0	0	0	0	0	0	0	0	0	0
chrX:50100302 	0	0	0	0	0	0	0	0	0	0	0	0	0	0	0	0	0	0	0	0	0
chrX:50102767 	0	0	1	0	0	0	0	0	1	0	1	0	0	0	0	0	0	0	0	1	0
chrX:50105137 	0	0	0	0	0	0	1	0	0	0	0	0	1	0	0	0	0	0	0	0	0
chrX:50106746 	0	0	1	1	0	0	0	2	1	1	1	0	0	1	0	1	0	0	2	1	0
chrX:50108144 	1	1	1	1	1	1	2	2	2	2	2	2	2	1	1	1	2	2	2	2	1
chrX:50108204 	0	0	0	0	0	0	0	0	0	0	0	0	0	0	0	0	0	0	0	0	0
chrX:50108267 	0	0	0	0	0	0	0	0	0	0	0	0	0	0	0	0	0	0	0	0	0
chrX:50108644 	0	0	0	0	0	0	0	0	0	0	0	0	0	0	0	0	0	0	0	0	0
chrX:50109100 	0	0	0	0	0	0	0	0	0	0	0	0	0	0	0	0	0	0	0	0	0
chrX:50109597 	0	0	0	0	0	0	0	0	0	0	0	0	0	0	0	0	0	0	0	0	0
chrX:50112278 	0	0	0	0	0	0	0	0	0	0	0	0	0	0	0	0	0	0	0	0	0
chrX:50114241 	0	0	0	0	0	0	0	0	0	0	0	0	0	0	0	0	0	0	0	0	0
chrX:50115368 	0	1	1	1	0	0	0	0	0	1	0	2	0	0	0	0	0	1	1	0	1
chrX:50115970 	0	1	1	1	0	0	0	0	0	1	0	2	0	0	0	0	0	1	1	0	1
chrX:50117087 	0	1	1	1	0	0	0	0	0	1	0	2	0	0	0	0	0	1	1	0	1
chrX:50117516 	0	0	0	0	0	0	0	0	0	0	0	0	0	0	0	0	0	0	0	0	0
chrX:50118856 	1	0	0	0	0	0	0	1	0	0	0	0	1	1	0	0	0	0	0	0	0
chrX:50118868 	0	0	0	0	0	0	0	0	0	0	0	0	0	0	0	0	0	0	0	0	0
chrX:50118957 	0	1	1	1	0	0	0	0	0	1	0	2	0	0	0	0	0	1	1	0	1
chrX:50119085 	0	1	1	1	0	0	0	0	0	1	0	2	0	0	0	0	0	1	1	0	1
chrX:50119188 	0	0	0	0	0	0	0	0	0	0	0	0	0	0	0	0	0	0	0	0	0
chrX:50120032 	0	1	1	1	0	0	0	0	0	1	0	2	0	0	0	0	0	1	1	0	1
chrX:50120200 	0	1	1	1	0	0	0	0	0	1	0	2	0	0	0	0	0	1	1	0	1
chrX:50120901 	0	1	1	1	0	0	0	0	0	1	0	2	0	0	0	0	0	1	1	0	1
chrX:50121849 	0	1	1	1	0	0	0	0	0	1	0	2	0	0	0	0	0	1	1	0	1
chrX:50121962 	0	0	0	0	0	0	0	0	0	0	0	0	0	0	0	0	0	0	0	0	0
chrX:50122509 	0	1	1	1	0	0	0	0	0	1	0	2	0	0	0	0	0	1	1	0	1
chrX:50122932 	0	1	1	1	0	0	0	0	0	1	0	2	0	0	0	0	0	1	1	0	1
chrX:50125841 	0	0	0	0	0	0	0	0	0	0	0	0	0	0	0	0	0	0	0	0	0
chrX:50125910 	0	0	0	0	0	0	0	0	0	0	1	0	0	0	0	0	0	0	0	1	0
chrX:50126571 	0	1	1	1	0	0	0	0	0	1	0	2	0	0	0	0	0	1	1	0	1
chrX:50127963 	0	1	1	1	0	0	0	0	0	1	0	2	0	0	0	0	0	1	1	0	1
chrX:50128523 	0	0	0	0	0	0	0	0	0	0	0	0	0	0	0	0	0	0	0	0	0
chrX:50129369 	0	1	1	1	0	0	0	0	0	1	0	2	0	0	0	0	0	1	1	0	1
chrX:50129955 	0	1	1	1	0	0	0	0	0	1	0	2	0	0	0	0	0	1	1	0	1
chrX:50130229 	0	1	1	1	0	0	0	0	0	1	0	2	0	0	0	0	0	1	1	0	1
chrX:50130233 	0	1	1	1	0	0	0	0	0	1	0	2	0	0	0	0	0	1	1	0	1
chrX:50130544 	0	1	1	1	0	0	0	0	0	1	0	2	0	0	0	0	0	1	1	0	1
